== Ejercicio 2 ==

== Iguales ==

 94 119 191 165  65  81 119 193  43  24  30 190  26 198 185 188 191  95 128  81 
 93 122 129 118 201 170 133 103 133 203 186 145  38 126 167 134  85 141 165 206 
146  88  76 154 161 122 117 120 223 144 124 198 175 167 165 168  89  34 115 167 
142 140  75 208 149  85 166 121 111  67  78 108  57  49  48 192 101  92 187 142 
112 200 197  81 206 180  99 120 147 100 207 129 143 153 115 108  89 145 148 141 
 70 128  98 220  88 108 176 196  82  62 192  64 146 158 131 139 108  87  32 168 
191  84 138 204 147 105 105 110 123 186 161 172  33 192 206  79 231 161  82 127 
169 238 174 166 133 146  90 203  95 130  95  66  89 111 158  70  92  15  68 131 
173 165 189 178 102  74  37 117 111 221 105 235 116 181 176 131 154  56  77 116 
 62  93  46 148  78 113 177 125  87 195 183 130 112  96 137  84 119 192 132 217 
 49 137  91 208 133 109 170 147 189 139 124 164 146  77 187 204 113 149 140 126 
 51  83 117  99  64  73 207 100  84 120 142  44 154  25  68 133  59 134 114 150 
139 139 149  37  87  70 121 124  51  29  75 210 153 176  95 217 164 145  86 140 
 56 220 144 139  41 210 105 164 104 119  81 149  78 124 193  81  69 142 165  49 
166  38 140 123  59  84 112  73 195 174 129 203  47 128 115 162  75 146 146 205 
122 183 190  95 150 113 241 149 178  95 122 169 125 158  74 164 172 175 150  87 
 77 101 107 125  90 174 116 127 149 151 139 164 180 133 175 196  89  89 139  48 
147 187 205 173 165 143  85 181  61 113 129  82 124 130 147  59  68 226 126 145 
 63 190 190  52 174 129 219 190 173 125  17 132  24 133 142  35 133  41  85 140 
153 129 226  84 159  58 108  83 159 103  60  72 230 110 206  64 219 100 153 107 

== Distinto(random) ==

255 255 255 255 255 255 255 255 255 255 255 255 255 255 255 255 255 255 255 255 
255 255 255 255 255 255 255 255 255 255 255 255 255 255 255 255 255 255 255 255 
255 255 255 255 255 255 255 255 255 255 255 255 255 255 255 255 255 255 255 255 
255 255 255 255 255 255 255 255 255 255 255 255 255 255 255 255 255 255 255 255 
255 255 255 255 255 255 255 255 255 255 255 255 255 255 255 255 255 255 255 255 
255 255 255 255 255 255 255 255 255 255 255 255 255 255 255 255 255 255 255 255 
255 255 255 255 255 255 255 255 255 255 255 255 255 255 255 255 255 255 255 255 
255 255 255 255 255 255 255 255 255 255 255 255 255 255 255 255 255 255 255 255 
255 255 255 255 255 255 255 255 255 255 255 255 255 255 255 255 255 255 255 255 
255 255 255 255 255 255 255 255 255 255 255 255 255 255 255 255 255 255 255 255 
255 255 255 255 255 255 255 255 255 255 255 255 255 255 255 255 255 255 255 255 
255 255 255 255 255 255 255 255 255 255 255 255 255 255 255 255 255 255 255 255 
255 255 255 255 255 255 255 255 255 255 255 255 255 255 255 255 255 255 255 255 
255 255 255 255 255 255 255 255 255 255 255 255 255 255 255 255 255 255 255 255 
255 255 255 255 255 255 255 255 255 255 255 255 255 255 255 255 255 255 255 255 
255 255 255 255 255 255 255 255 255 255 255 255 255 255 255 255 255 255 255 255 
255 255 255 255 255 255 255 255 255 255 255 255 255 255 255 255 255 255 255 255 
255 255 255 255 255 255 255 255 255 255 255 255 255 255 255 255 255 255 255 255 
255 255 255 255 255 255 255 255 255 255 255 255 255 255 255 255 255 255 255 255 
255 255 255 255 255 255 255 255 255 255 255 255 255 255 255 255 255 255 255 255 

== Alternado 1==

255  71 255 104 255 183 255 161 255 104 255 127 255 149 255  53 255 155 255 194 
255 107 255 171 255 155 255 131 255  92 255 226 255 166 255  34 255  63 255 111 
255 100 255  59 255 120 255 127 255 163 255 180 255  85 255 161 255 137 255  49 
255  81 255  71 255 168 255  87 255 126 255 168 255 171 255 190 255 100 255 109 
255  23 255  82 255  57 255  79 255 195 255  82 255  75 255 150 255  59 255  99 
255 141 255 169 255 219 255  64 255  92 255 175 255 190 255 173 255 178 255 120 
255 140 255  42 255  84 255 146 255 104 255  91 255  65 255 170 255 190 255 153 
255 169 255 147 255 189 255  94 255  74 255 175 255  95 255  72 255  89 255 125 
255 113 255 178 255 197 255 126 255 163 255 169 255 185 255 198 255  88 255 151 
255  99 255 128 255 182 255  39 255 186 255 187 255 112 255  94 255 165 255 181 
255 198 255 178 255 138 255  56 255  71 255 167 255 173 255 207 255  54 255 123 
255  71 255  79 255 188 255  97 255  92 255 227 255  39 255  91 255 147 255 178 
255 167 255  83 255 153 255 169 255 119 255 105 255  40 255  55 255 163 255  96 
255 148 255 119 255  87 255  79 255  94 255 216 255 163 255  70 255 108 255 177 
255 120 255 168 255 112 255  40 255 132 255 198 255 211 255 131 255  66 255 176 
255  84 255 130 255 130 255  62 255 144 255 169 255 166 255 196 255 107 255 121 
255  92 255 136 255 184 255 164 255 194 255 132 255 103 255  25 255 167 255  79 
255 187 255  98 255 125 255 188 255  57 255 113 255  84 255  39 255  47 255 141 
255 119 255  72 255  77 255 117 255  93 255  86 255 150 255 177 255 173 255  81 
255 146 255 143 255 147 255 103 255  74 255 193 255  60 255 133 255 190 255 133 

== Alternado 2==

 94 255 191 255  65 255 119 255  43 255  30 255  26 255 185 255 191 255 128 255 
 93 255 129 255 201 255 133 255 133 255 186 255  38 255 167 255  85 255 165 255 
146 255  76 255 161 255 117 255 223 255 124 255 175 255 165 255  89 255 115 255 
142 255  75 255 149 255 166 255 111 255  78 255  57 255  48 255 101 255 187 255 
112 255 197 255 206 255  99 255 147 255 207 255 143 255 115 255  89 255 148 255 
 70 255  98 255  88 255 176 255  82 255 192 255 146 255 131 255 108 255  32 255 
191 255 138 255 147 255 105 255 123 255 161 255  33 255 206 255 231 255  82 255 
169 255 174 255 133 255  90 255  95 255  95 255  89 255 158 255  92 255  68 255 
173 255 189 255 102 255  37 255 111 255 105 255 116 255 176 255 154 255  77 255 
 62 255  46 255  78 255 177 255  87 255 183 255 112 255 137 255 119 255 132 255 
 49 255  91 255 133 255 170 255 189 255 124 255 146 255 187 255 113 255 140 255 
 51 255 117 255  64 255 207 255  84 255 142 255 154 255  68 255  59 255 114 255 
139 255 149 255  87 255 121 255  51 255  75 255 153 255  95 255 164 255  86 255 
 56 255 144 255  41 255 105 255 104 255  81 255  78 255 193 255  69 255 165 255 
166 255 140 255  59 255 112 255 195 255 129 255  47 255 115 255  75 255 146 255 
122 255 190 255 150 255 241 255 178 255 122 255 125 255  74 255 172 255 150 255 
 77 255 107 255  90 255 116 255 149 255 139 255 180 255 175 255  89 255 139 255 
147 255 205 255 165 255  85 255  61 255 129 255 124 255 147 255  68 255 126 255 
 63 255 190 255 174 255 219 255 173 255  17 255  24 255 142 255 133 255  85 255 
153 255 226 255 159 255 108 255 159 255  60 255 230 255 206 255 219 255 153 255 
